[gd_scene load_steps=9 format=2]

[ext_resource path="res://entities/player/player.tscn" type="PackedScene" id=1]
[ext_resource path="res://visuals/materials/triplanar_local_coords.shader" type="Shader" id=2]
[ext_resource path="res://levels/level.gd" type="Script" id=3]
[ext_resource path="res://entities/npc/pea_pie_po.tscn" type="PackedScene" id=4]
[ext_resource path="res://visuals/materials/metal1.jpg" type="Texture" id=5]
[ext_resource path="res://levels/01_dark_spire_outside.tscn" type="PackedScene" id=6]
[ext_resource path="res://visuals/materials/tile.jpg" type="Texture" id=7]

[sub_resource type="ShaderMaterial" id=1]
shader = ExtResource( 2 )
shader_param/uv_scale = 0.125
shader_param/power = 5.0
shader_param/softness = 0.5
shader_param/specularity = 1.0
shader_param/light_bias = 0.0
shader_param/wall = ExtResource( 5 )
shader_param/ground = ExtResource( 7 )
shader_param/ceiling = ExtResource( 7 )

[node name="intro" type="Spatial" groups=["dialog_event_reciever"]]
script = ExtResource( 3 )
next_level = ExtResource( 6 )

[node name="player" parent="." instance=ExtResource( 1 )]
transform = Transform( 1, 0, 0, 0, 1, 0, 0, 0, 1, 1.13828, 1.06507, -1.17316 )

[node name="CSGBox" type="CSGBox" parent="."]
use_collision = true
collision_layer = 257
width = 33.7467
depth = 34.3187
material = SubResource( 1 )

[node name="CSGBox2" type="CSGBox" parent="."]
transform = Transform( 0.93573, -0.124682, 0.329946, 0, 0.935438, 0.353491, -0.352718, -0.330772, 0.875317, 0, 0, 5.78812 )
use_collision = true
collision_layer = 257
width = 33.7467
depth = 34.3187
material = SubResource( 1 )

[node name="CSGBox3" type="CSGBox" parent="."]
transform = Transform( 0.748319, -0.454421, 0.483239, -0.132614, 0.611303, 0.780207, -0.649947, -0.647928, 0.397187, 11.2635, 0, 4.90967 )
use_collision = true
collision_layer = 257
width = 33.7467
depth = 34.3187
material = SubResource( 1 )

[node name="DirectionalLight" type="DirectionalLight" parent="."]
transform = Transform( 0.744734, -0.448656, 0.494043, -0.667361, -0.500672, 0.551322, 0, -0.740294, -0.672283, 0, 0, 0 )
light_color = Color( 0.988235, 0.976471, 0.937255, 1 )
shadow_enabled = true

[node name="pea_pie_po" parent="." instance=ExtResource( 4 )]
transform = Transform( -0.821811, 0, -0.56976, 0, 1, 0, 0.56976, 0, -0.821811, 1.12355, 1, 1.32178 )
custom_entry = "start"
speed = 6.5
chase_speed = 7.5
